#Relative solvent accessibilities from a DSSP analysis of the 1H1T , taking results for chain A. Absolute solvent accessibilities are normalized to relative ones using the maximum solvent accessibilities of Tien et al, PLoS One, 8:e80635.
#SITE RSA
2 0.7333333333333333
3 0.2245762711864407
4 0.2664233576642336
5 0.0
6 0.0
7 0.049429657794676805
8 0.050314465408805034
9 0.23076923076923078
10 0.38953488372093026
11 0.0125
12 0.025906735751295335
13 0.006289308176100629
14 0.01015228426395939
15 0.023255813953488372
16 0.17435897435897435
17 0.09615384615384616
18 0.14732142857142858
19 0.12690355329949238
20 0.10362694300518134
21 0.025380710659898477
22 0.0
23 0.20348837209302326
24 0.12773722627737227
25 0.0
26 0.11046511627906977
27 0.5377777777777778
28 0.05803571428571429
29 0.025
30 0.46632124352331605
31 0.20535714285714285
32 0.0
33 0.0
34 0.0
35 0.0
36 0.0
37 0.15503875968992248
38 0.16279069767441862
39 0.6838709677419355
40 0.1949685534591195
41 0.8387096774193549
42 0.673728813559322
43 0.8516949152542372
44 0.16981132075471697
45 0.14732142857142858
46 0.0125
47 0.4069767441860465
48 0.2537313432835821
49 0.7399103139013453
50 0.3004484304932735
51 0.014598540145985401
52 0.15517241379310345
53 0.3178294573643411
54 0.0945273631840796
55 0.0
56 0.4
57 0.5155555555555555
58 0.08527131782945736
59 0.029069767441860465
60 0.5891472868217055
61 0.5803571428571429
62 0.10945273631840796
63 0.7403846153846154
64 0.23076923076923078
65 0.10919540229885058
66 0.32286995515695066
67 0.08620689655172414
68 0.14367816091954022
69 0.33653846153846156
70 0.08333333333333333
71 0.4774193548387097
72 0.5854922279792746
73 0.3383084577114428
74 0.11607142857142858
75 0.0
76 0.3435897435897436
77 0.13333333333333333
78 0.0
79 0.33941605839416056
80 0.6512820512820513
81 0.24
82 0.6116071428571429
83 0.0
84 0.31976744186046513
85 0.005747126436781609
86 0.004975124378109453
87 0.0
88 0.18613138686131386
89 0.19230769230769232
90 0.0
91 0.2773722627737226
92 0.20155038759689922
93 0.41954022988505746
94 0.14728682170542637
95 0.5440414507772021
96 0.058333333333333334
97 0.4080717488789238
98 0.41064638783269963
99 0.06278026905829596
100 0.05803571428571429
101 0.6488888888888888
102 0.21890547263681592
103 0.023255813953488372
104 0.20535714285714285
105 0.47767857142857145
106 0.09230769230769231
107 0.11313868613138686
108 0.65625
109 0.24875621890547264
110 0.013392857142857142
111 0.5157232704402516
112 0.4439461883408072
113 0.014925373134328358
114 0.06278026905829596
115 0.025806451612903226
116 0.0
117 0.004166666666666667
118 0.0
119 0.008928571428571428
120 0.018867924528301886
121 0.17419354838709677
122 0.6059322033898306
123 0.4977578475336323
124 0.1368421052631579
125 0.01935483870967742
126 0.5583333333333333
127 0.116751269035533
128 0.21935483870967742
129 0.12258064516129032
130 0.5161290322580645
131 0.417910447761194
132 0.022988505747126436
133 0.1059322033898305
134 0.39461883408071746
135 0.29310344827586204
136 0.08527131782945736
137 0.4233576642335766
138 0.5580357142857143
139 0.8533333333333334
140 0.2980769230769231
141 0.6787564766839378
142 0.05747126436781609
143 0.3081395348837209
144 0.45089285714285715
145 0.2
146 0.03980099502487562
147 0.11320754716981132
148 0.5067264573991032
149 0.24102564102564103
150 0.0
151 0.13392857142857142
152 0.41333333333333333
153 0.2248062015503876
154 0.024875621890547265
155 0.39285714285714285
156 0.5736434108527132
157 0.3135593220338983
158 0.36318407960199006
159 1.1007751937984496
