28.32871
26.13903
13.06283
24.28709
25.92835
4.763626
19.5836
0.4827675
0
1.391961
14.97092
5.819008
27.56107
2.860236
1.722485
25.57246
28.69593
17.40141
17.86835
32.26523
17.6617
16.11818
26.4463
33.95417
27.31939
14.87024
23.42811
32.59665
11.62999
28.48107
8.520456
17.2002
12.06804
26.09717
36.47654
26.75919
32.59254
33.34288
20.03128
35.0418
33.6948
27.38034
27.17039
27.9055
35.76926
33.00356
32.12782
16.14431
27.44374
32.10466
24.31492
20.77941
33.13961
34.17437
26.70568
21.85967
32.42104
30.08706
29.88771
33.86725
26.91674
17.37249
35.11618
16.6383
28.44735
29.07273
31.75179
32.12769
34.94618
26.10743
33.29294
37.59721
32.0754
33.31594
24.34568
34.10102
33.00095
35.58613
34.55181
27.88601
32.36151
24.60937
24.07093
14.06991
6.297881
6.786029
30.38454
2.346815
34.93142
30.34484
32.8728
16.10465
22.53337
26.807
32.37357
8.91554
26.81078
32.17016
30.27944
28.48003
34.3542
34.98538
39.69321
34.91875
40
30.87587
37.52767
37.19716
39.14684
31.70968
27.65273
35.57906
34.3457
25.08744
28.63794
33.72194
25.20642
32.4651
36.62584
36.92751
35.11635
34.15976
39.93281
27.21542
24.37645
3.534947
27.42424
28.94704
18.20906
14.59056
32.43075
23.41847
30.29522
27.32383
34.25209
29.12166
29.68352
31.76821
22.09668
